2675.0
1936.0
608.0
195.0
-901.0
-206.0
-754.0
1005.0
-341.0
2311.0
26.0
997.0
100.0
-937.0
-187.0
-496.0
-2893.0
-417.0
556.0
-1525.0
-529.0
841.0
-141.0
2515.0
381.0
381.0
-3226.0
-816.0
847.0
935.0
-832.0
92.0
2355.0
858.0
653.0
2069.0
-29.0
-594.0
-438.0
610.0
542.0
22.0
-1775.0
38.0
1659.0
136.0
1537.0
845.0
705.0
-678.0
2313.0
-237.0
24.0
1994.0
327.0
732.0
1691.0
-744.0
-520.0
-1065.0
169.0
40.0
-998.0
-2401.0
-1303.0
-673.0
101.0
1221.0
1038.0
-1142.0
-1265.0
1034.0
1019.0
-530.0
1017.0
-452.0
1480.0
2465.0
-436.0
-586.0
524.0
-51.0
734.0
1058.0
-983.0
1349.0
1541.0
371.0
-1145.0
506.0
1298.0
237.0
1535.0
-120.0
-5583.0
1288.0
-665.0
-1049.0
-2923.0
851.0
745.0
2491.0
344.0
-964.0
-28.0
864.0
-696.0
400.0
-762.0
3291.0
1464.0
-121.0
1052.0
1558.0
-612.0
-116.0
-125.0
-481.0
-471.0
1206.0
1321.0
311.0
583.0
603.0
1231.0
-631.0
-405.0
779.0
1208.0
-1326.0
669.0
-1533.0
-243.0
-215.0
699.0
524.0
90.0
-1364.0
-1792.0
-450.0
1361.0
-701.0
-853.0
-1026.0
498.0
1327.0
-672.0
-741.0
520.0
2514.0
-412.0
11.0
-618.0
-591.0
-300.0
1378.0
-2230.0
1554.0
2268.0
-121.0
-2290.0
-164.0
388.0
89.0
1739.0
1059.0
-3071.0
-92.0
892.0
1334.0
20.0
-1671.0
-265.0
-801.0
-1842.0
673.0
-318.0
-1384.0
-819.0
757.0
-1541.0
-500.0
36.0
-2973.0
-154.0
-1039.0
-195.0
-590.0
-276.0
1035.0
179.0
-768.0
14.0
904.0
104.0
-433.0
1115.0
743.0
-2211.0
-1578.0
-744.0
2024.0
-1031.0
1758.0
-807.0
-1012.0
1503.0
2120.0
1360.0
-2280.0
-768.0
-1748.0
-3471.0
995.0
1268.0
585.0
-63.0
1432.0
945.0
-1485.0
1418.0
1583.0
181.0
844.0
1271.0
-380.0
-1391.0
-818.0
-1649.0
286.0
15.0
-1145.0
824.0
-550.0
206.0
-1943.0
1454.0
595.0
981.0
-590.0
1351.0
1636.0
1343.0
-828.0
-993.0
1321.0
-882.0
624.0
-415.0
-1977.0
-2066.0
64.0
-1912.0
74.0
-98.0
1980.0
596.0
-2953.0
-365.0
423.0
-754.0
-2159.0
-1289.0
1273.0
-82.0
-1431.0
-162.0
776.0
2023.0
-411.0
-835.0
-1047.0
-1144.0
1714.0
-153.0
-1580.0
-880.0
-1266.0
1988.0
1482.0
780.0
1019.0
892.0
216.0
1134.0
-3225.0
565.0
643.0
-1208.0
-252.0
360.0
1462.0
-775.0
-405.0
519.0
2334.0
2243.0
862.0
951.0
-2780.0
-786.0
1176.0
-2825.0
-830.0
-261.0
-619.0
-394.0
0.0
521.0
1564.0
1245.0
841.0
-235.0
-293.0
-57.0
115.0
-713.0
966.0
2246.0
-1897.0
-171.0
-291.0
1889.0
1085.0
363.0
-1379.0
127.0
112.0
509.0
-182.0
-490.0
-534.0
-643.0
4363.0
-746.0
1234.0
1993.0
-271.0
-1437.0
297.0
562.0
-1291.0
543.0
-266.0
-198.0
126.0
-967.0
-21.0
-694.0
-933.0
-394.0
752.0
-676.0
1257.0
-1048.0
651.0
-427.0
-314.0
-265.0
-244.0
-382.0
-3137.0
1.0
-2288.0
28.0
-721.0
-41.0
585.0
-1841.0
24.0
1390.0
2703.0
-204.0
-997.0
127.0
-1964.0
-1160.0
-242.0
-495.0
77.0
2499.0
53.0
2306.0
224.0
985.0
2991.0
-1196.0
-544.0
495.0
61.0
-1631.0
-110.0
62.0
-2827.0
797.0
1015.0
162.0
-555.0
-4124.0
108.0
1238.0
-4.0
1433.0
-400.0
-294.0
521.0
1076.0
1063.0
-188.0
-305.0
88.0
64.0
-1213.0
-1185.0
3685.0
1086.0
-3411.0
-73.0
122.0
-1223.0
546.0
-1457.0
-1412.0
-1841.0
98.0
-338.0
-2386.0
1263.0
-326.0
554.0
1876.0
2152.0
-1202.0
2145.0
-2.0
1956.0
2136.0
-20.0
-247.0
1953.0
857.0
-970.0
-1204.0
-288.0
1505.0
307.0
952.0
1229.0
290.0
585.0
806.0
929.0
-1631.0
-1466.0
1092.0
1092.0
-387.0
-989.0
-3347.0
2083.0
700.0
-56.0
-914.0
635.0
-2287.0
-178.0
-874.0
516.0
-1097.0
-1261.0
598.0
694.0
1599.0
543.0
962.0
-322.0
2255.0
-1518.0
1977.0
-859.0
-1018.0
-277.0
1199.0
-331.0
309.0
-427.0
310.0
-217.0
-659.0
-210.0
1582.0
85.0
104.0
527.0
-1795.0
-3045.0
-1669.0
1037.0
-616.0
-673.0
3329.0
-2025.0
173.0
1373.0
9.0
1166.0
-244.0
-1332.0
-343.0
1568.0
-1261.0
1078.0
-1315.0
1316.0
-1406.0
-436.0
-5.0
1029.0
266.0
220.0
-357.0
-161.0
1711.0
-824.0
-1215.0
-1427.0
-418.0
-500.0
596.0
-87.0
-2819.0
-49.0
1222.0
-1431.0
-1129.0
592.0
-1257.0
1000.0
1939.0
1923.0
1162.0
-483.0
1551.0
2220.0
-697.0
1078.0
-301.0
816.0
2170.0
586.0
1937.0
1333.0
-1129.0
-1183.0
-249.0
-188.0
128.0
2028.0
408.0
-309.0
-214.0
598.0
2505.0
-283.0
-852.0
747.0
884.0
-583.0
-1154.0
740.0
2334.0
-964.0
-710.0
1674.0
245.0
167.0
-1373.0
1690.0
173.0
588.0
-2836.0
1002.0
-3286.0
2244.0
108.0
-90.0
-3264.0
14.0
-1551.0
2849.0
-60.0
2305.0
-1176.0
1248.0
493.0
27.0
670.0
-839.0
1346.0
1366.0
143.0
1571.0
-1753.0
-1245.0
1130.0
-1116.0
410.0
475.0
2412.0
-1987.0
-647.0
1952.0
-1110.0
2066.0
-2454.0
1224.0
-460.0
337.0
111.0
-912.0
829.0
-147.0
-932.0
-867.0
-2040.0
-892.0
-698.0
-2074.0
-1339.0
-3364.0
-1572.0
-184.0
-4280.0
1936.0
-1799.0
-1476.0
-783.0
-1122.0
-249.0
435.0
869.0
-150.0
555.0
337.0
-721.0
158.0
-871.0
1688.0
-1123.0
2035.0
-184.0
-1008.0
-1021.0
653.0
-1140.0
2128.0
1720.0
78.0
1898.0
1077.0
-536.0
1133.0
121.0
-346.0
929.0
-1159.0
1.0
1689.0
-541.0
624.0
-1679.0
-1519.0
-1976.0
518.0
13.0
-893.0
-2350.0
276.0
536.0
-945.0
330.0
170.0
1138.0
196.0
463.0
-573.0
-1307.0
2296.0
947.0
3131.0
478.0
-854.0
2176.0
125.0
-667.0
391.0
133.0
378.0
-1140.0
2800.0
1280.0
-1136.0
-579.0
751.0
254.0
754.0
-2382.0
1109.0
-669.0
571.0
2724.0
819.0
753.0
-1048.0
97.0
-567.0
1778.0
-2636.0
902.0
2168.0
726.0
902.0
239.0
-476.0
-135.0
688.0
2160.0
1037.0
921.0
1112.0
379.0
-628.0
76.0
16.0
749.0
-1080.0
669.0
-1485.0
-8.0
-580.0
206.0
1201.0
-1083.0
-845.0
457.0
-434.0
-2607.0
283.0
1505.0
200.0
-50.0
-663.0
160.0
-846.0
1506.0
-1079.0
582.0
-1091.0
-719.0
-689.0
2032.0
-385.0
-740.0
93.0
-37.0
-2042.0
-394.0
-821.0
-1340.0
758.0
858.0
-1876.0
499.0
1540.0
183.0
-593.0
545.0
2500.0
1023.0
707.0
942.0
-1137.0
1205.0
-476.0
-2035.0
-646.0
-561.0
133.0
1794.0
1782.0
-806.0
-1384.0
3232.0
-1734.0
-304.0
-862.0
-2106.0
-1291.0
-555.0
1896.0
-2093.0
3288.0
-519.0
930.0
-554.0
1315.0
-369.0
589.0
973.0
1206.0
943.0
-2575.0
1033.0
-852.0
1459.0
1052.0
1039.0
1514.0
245.0
493.0
248.0
-1362.0
-750.0
944.0
-829.0
1076.0
-667.0
-1541.0
-730.0
-69.0
731.0
1092.0
-468.0
1786.0
-985.0
-438.0
1622.0
-493.0
-1156.0
1457.0
1050.0
1045.0
639.0
2896.0
871.0
-1286.0
661.0
-1373.0
153.0
367.0
1035.0
-261.0
-343.0
-599.0
-44.0
-730.0
382.0
-2433.0
-836.0
1305.0
-122.0
254.0
1575.0
1634.0
-2339.0
-704.0
-317.0
-1526.0
-713.0
1115.0
880.0
521.0
980.0
1552.0
-1625.0
266.0
-1212.0
-512.0
-22.0
889.0
1103.0
-225.0
-3839.0
-2503.0
-1313.0
1075.0
-678.0
293.0
488.0
-416.0
960.0
-159.0
1137.0
453.0
1005.0
788.0
-1743.0
-981.0
-1905.0
149.0
1596.0
1197.0
1509.0
168.0
1002.0
1701.0
1100.0
365.0
1273.0
220.0
-514.0
-1571.0
-513.0
866.0
-1374.0
1259.0
-812.0
3116.0
1066.0
-168.0
-62.0
-170.0
-98.0
-1235.0
973.0
1312.0
2053.0
-2250.0
-19.0
-759.0
1498.0
-1339.0
1996.0
-240.0
1009.0
1083.0
-509.0
649.0
-1155.0
1017.0
243.0
-2134.0
-1461.0
2551.0
-774.0
-536.0
1482.0
-1545.0
-945.0
-1037.0
306.0
2222.0
-992.0
311.0
-1031.0
-3699.0
-216.0
-63.0
600.0
-470.0
-3404.0
-1339.0
274.0
-687.0
-1470.0
1273.0
-799.0
503.0
2265.0
2518.0
-713.0
-758.0
-476.0
-653.0
-1480.0
2696.0
673.0
553.0
-1344.0
1461.0
972.0
-184.0
-931.0
190.0
-97.0
-2343.0
-1169.0
267.0
-1481.0
-863.0
-961.0
-808.0
1132.0
-51.0
1257.0
-2246.0
-2162.0
-170.0
-1682.0
-1258.0
594.0
1196.0
1961.0
-283.0
-477.0
-1836.0
78.0
1101.0
-1159.0
2019.0
616.0
2248.0
1796.0
-648.0
-141.0
1391.0
-297.0
-262.0
-251.0
827.0
2966.0
1308.0
2901.0
-1748.0
-797.0
186.0
-986.0
535.0
-666.0
-1049.0
966.0
170.0
-1066.0
316.0
949.0
-2301.0
-1855.0
523.0
831.0
-1637.0
1964.0
-311.0
-148.0
1084.0
-645.0
990.0
-319.0
-812.0
169.0
1691.0
-619.0
-1710.0
-1798.0
-183.0
236.0
-759.0
-846.0
947.0
-1139.0
707.0
946.0
488.0
-1149.0
1983.0
13.0
1762.0
1697.0
-65.0
418.0
-111.0
956.0
-1886.0
874.0
-719.0
621.0
381.0
724.0
-2355.0
1755.0
-2385.0
-816.0
-1863.0
-766.0
153.0
-90.0
-957.0
396.0
-1631.0
-2006.0
414.0
-559.0
-1255.0
-214.0
824.0
-534.0
-511.0
-1318.0
2.0
152.0
1962.0
-3267.0
-1869.0
-70.0
-2557.0
764.0
876.0
747.0
-1822.0
-1938.0
1355.0
1929.0
918.0
-865.0
-1133.0
-2940.0
-58.0
-11.0
2229.0
-307.0
2756.0
1568.0
858.0
1987.0
2607.0
-184.0
198.0
1051.0
37.0
10.0
-471.0
3108.0
-2725.0
-132.0
558.0
2064.0
-126.0
4.0
800.0
132.0
1199.0
1554.0
962.0
865.0
-632.0
-261.0
-1435.0
-584.0
1867.0
-893.0
-3144.0
-151.0
-1090.0
2581.0
1446.0
106.0
-1122.0
269.0
-423.0
-627.0
-818.0
1118.0
-867.0
822.0
-345.0
-1680.0
459.0
633.0
-3029.0
1140.0
-360.0
423.0
25.0
367.0
1342.0
1337.0
2018.0
-1353.0
-757.0
236.0
324.0
1138.0
-2451.0
-1471.0
-1296.0
1309.0
1665.0
-1111.0
2321.0
-623.0
1664.0
22.0
1904.0
1318.0
-1838.0
1273.0
1068.0
-200.0
56.0
1384.0
-1860.0
-72.0
683.0
-1885.0
579.0
-283.0
1927.0
-931.0
-35.0
-2334.0
923.0
271.0
3017.0
-395.0
-296.0
1378.0
-148.0
1871.0
837.0
-2037.0
1755.0
-1408.0
-525.0
1290.0
1010.0
136.0
101.0
893.0
519.0
-1073.0
964.0
-226.0
-613.0
499.0
-1036.0
-94.0
1087.0
-618.0
77.0
170.0
-1767.0
1498.0
-2639.0
-1095.0
-1027.0
481.0
-582.0
880.0
353.0
643.0
1432.0
-213.0
-1065.0
1055.0
-659.0
287.0
1060.0
-410.0
-715.0
295.0
1083.0
18.0
877.0
2017.0
-494.0
1470.0
-685.0
-276.0
2253.0
180.0
721.0
-1841.0
-717.0
-1088.0
-672.0
-3074.0
197.0
783.0
751.0
1135.0
1805.0
-1545.0
-1221.0
1104.0
-901.0
-350.0
-642.0
672.0
1863.0
-567.0
-493.0
176.0
-269.0
-1352.0
868.0
1294.0
-582.0
1278.0
-1498.0
-524.0
802.0
-964.0
436.0
-3780.0
-814.0
40.0
890.0
-549.0
-2128.0
497.0
1566.0
-1040.0
2449.0
-89.0
-1303.0
-632.0
1967.0
1130.0
-1547.0
551.0
193.0
-809.0
-739.0
349.0
1700.0
-114.0
2867.0
-681.0
-363.0
244.0
-920.0
-1008.0
485.0
-886.0
-2170.0
-887.0
1758.0
429.0
-526.0
1880.0
-711.0
283.0
114.0
-526.0
1830.0
-358.0
1403.0
-1227.0
1750.0
-1479.0
-1631.0
621.0
777.0
-4645.0
-66.0
1118.0
1031.0
-775.0
-1402.0
102.0
2150.0
0.0
672.0
559.0
-1044.0
-959.0
-868.0
-524.0
525.0
-3283.0
179.0
1099.0
-505.0
123.0
55.0
1550.0
-118.0
20.0
-1506.0
-2141.0
863.0
604.0
-74.0
2822.0
-955.0
405.0
17.0
-678.0
-1783.0
-427.0
1601.0
-1066.0
-1220.0
869.0
-2116.0
-285.0
402.0
-511.0
96.0
-423.0
-2946.0
-1556.0
879.0
-336.0
259.0
587.0
892.0
768.0
-1407.0
-1081.0
-865.0
-3013.0
1386.0
-1279.0
-1371.0
996.0
127.0
869.0
854.0
260.0
774.0
1903.0
-1553.0
1988.0
626.0
-1563.0
1554.0
541.0
452.0
-750.0
-997.0
695.0
-53.0
1274.0
1763.0
1336.0
-1105.0
942.0
-178.0
-1122.0
-649.0
-170.0
1908.0
259.0
1309.0
994.0
1871.0
-175.0
1600.0
854.0
-2242.0
-1531.0
1693.0
451.0
-1627.0
-183.0
692.0
-267.0
819.0
1508.0
-3184.0
-1912.0
-1142.0
-1450.0
345.0
1137.0
396.0
1483.0
560.0
465.0
2457.0
1900.0
-1750.0
635.0
194.0
-309.0
-35.0
-689.0
1089.0
486.0
-2461.0
-1914.0
-1625.0
2061.0
-2575.0
1250.0
-1258.0
1109.0
-1584.0
152.0
1969.0
-1745.0
1545.0
570.0
-1145.0
480.0
-355.0
1001.0
-1062.0
431.0
-869.0
-948.0
-589.0
981.0
1534.0
-1176.0
1400.0
-1044.0
155.0
-656.0
1375.0
1117.0
-806.0
-2666.0
-413.0
-2075.0
1072.0
195.0
1835.0
-1158.0
1244.0
-330.0
-263.0
1645.0
-1266.0
-802.0
166.0
-2095.0
-639.0
794.0
2427.0
94.0
-1645.0
1351.0
-1903.0
-1907.0
-210.0
-2736.0
1223.0
1188.0
3202.0
-516.0
1244.0
603.0
-72.0
-1019.0
-506.0
-828.0
193.0
1016.0
707.0
-815.0
-54.0
952.0
-471.0
1496.0
74.0
-1288.0
172.0
-1180.0
1320.0
1885.0
-266.0
-550.0
-409.0
-723.0
-2532.0
1051.0
1556.0
-767.0
-575.0
199.0
1652.0
1995.0
-567.0
547.0
-786.0
875.0
541.0
-741.0
-1018.0
-3536.0
-297.0
2314.0
-347.0
-3316.0
1571.0
-2781.0
417.0
-2289.0
-594.0
-1197.0
-653.0
675.0
-1866.0
508.0
-555.0
-1443.0
-1065.0
415.0
570.0
-596.0
-756.0
-790.0
-838.0
-312.0
636.0
1532.0
3879.0
638.0
-1688.0
973.0
-968.0
-1543.0
1674.0
-926.0
-1423.0
981.0
-1553.0
-1144.0
-1494.0
236.0
-185.0
374.0
103.0
1140.0
1192.0
-548.0
-1170.0
840.0
-1571.0
-1920.0
1194.0
-591.0
-55.0
-550.0
642.0
810.0
226.0
-380.0
-1345.0
1226.0
-1278.0
840.0
1094.0
726.0
905.0
-859.0
-3189.0
-520.0
306.0
628.0
1277.0
-679.0
-1756.0
-581.0
-1486.0
56.0
-757.0
-3.0
700.0
-296.0
-413.0
83.0
-833.0
481.0
-1704.0
-1810.0
2577.0
840.0
-717.0
1137.0
-78.0
-98.0
480.0
-1670.0
954.0
-3429.0
743.0
-1446.0
274.0
2076.0
724.0
-1918.0
-1193.0
-2319.0
779.0
1746.0
-358.0
457.0
-669.0
325.0
-227.0
-538.0
2740.0
-2444.0
7.0
1469.0
-727.0
765.0
362.0
1335.0
-289.0
-845.0
-49.0
27.0
1134.0
-1522.0
566.0
-102.0
-445.0
670.0
-980.0
-447.0
-439.0
4.0
117.0
-990.0
293.0
1414.0
-334.0
2291.0
-728.0
-1137.0
529.0
-991.0
823.0
-566.0
-160.0
528.0
1240.0
2422.0
1073.0
-2204.0
-573.0
-586.0
-156.0
467.0
950.0
-1552.0
-1135.0
-1651.0
-1676.0
-2542.0
-3131.0
985.0
1531.0
267.0
843.0
-862.0
242.0
-1221.0
126.0
476.0
-1921.0
1065.0
-115.0
-137.0
1179.0
-433.0
-655.0
859.0
1886.0
196.0
452.0
-702.0
1313.0
-1521.0
328.0
782.0
-1475.0
913.0
-1521.0
5.0
404.0
-938.0
-958.0
857.0
1352.0
-1850.0
-1146.0
2072.0
-707.0
240.0
-862.0
-1432.0
-1607.0
-1224.0
429.0
-318.0
-2294.0
1201.0
-879.0
-2510.0
206.0
102.0
1901.0
121.0
-140.0
83.0
-539.0
1336.0
492.0
-234.0
359.0
-575.0
-387.0
-139.0
-1159.0
-675.0
776.0
-897.0
2503.0
-2358.0
367.0
-370.0
1056.0
3862.0
-1251.0
-1118.0
662.0
997.0
-125.0
-1503.0
7.0
-1330.0
1873.0
859.0
-195.0
2254.0
858.0
-806.0
-617.0
-775.0
1174.0
883.0
-1119.0
263.0
-1898.0
-1985.0
340.0
1113.0
-576.0
-1331.0
2789.0
1943.0
-423.0
722.0
-3070.0
26.0
-336.0
-51.0
-835.0
335.0
905.0
-132.0
-568.0
-130.0
-1233.0
-143.0
-1695.0
627.0
1431.0
-1389.0
-629.0
-1686.0
-136.0
-640.0
-1093.0
193.0
294.0
495.0
1357.0
-657.0
-1152.0
675.0
-382.0
357.0
1239.0
2424.0
-85.0
-163.0
-206.0
2013.0
-1189.0
131.0
44.0
-312.0
-1841.0
1258.0
392.0
657.0
-1932.0
-1336.0
-834.0
-3450.0
295.0
-473.0
1204.0
-2431.0
-305.0
1514.0
-5.0
-125.0
1610.0
-350.0
16.0
-650.0
219.0
-758.0
-768.0
952.0
2367.0
-987.0
96.0
-431.0
691.0
-323.0
-2943.0
-17.0
102.0
-2160.0
-458.0
-219.0
239.0
-30.0
-41.0
-87.0
-2056.0
-947.0
-1.0
831.0
454.0
469.0
308.0
210.0
389.0
-662.0
-110.0
1276.0
-134.0
-1501.0
1695.0
-1057.0
-886.0
-250.0
-196.0
-652.0
-287.0
-520.0
-784.0
1290.0
1358.0
-1252.0
-2177.0
944.0
821.0
-1514.0
-212.0
-252.0
797.0
-2381.0
2588.0
-1453.0
-1082.0
-1902.0
559.0
-1933.0
-103.0
408.0
138.0
1026.0
2079.0
1277.0
-1262.0
338.0
682.0
-1618.0
4.0
1170.0
2550.0
-269.0
267.0
-2092.0
702.0
181.0
2611.0
378.0
-400.0
-353.0
-620.0
-928.0
1313.0
-545.0
260.0
805.0
1164.0
-829.0
-661.0
-2032.0
-835.0
